-1.234E189
-9.876E167
-9.876E156
-3.21E156
-9.876E145
-8.901E145
-3.21E123
-3.21E123
-1.234E-78
-4.567E-167
-2.345E-198
-2.345E-234
4.9E-324
1.234E-234
1.234E-234
1.234E-234
1.234E-234
2.345E-234
3.21E-234
4.567E-234
4.567E-234
4.567E-234
5.432E-234
5.432E-234
6.789E-234
7.654E-234
7.654E-234
8.901E-234
8.901E-234
9.876E-234
9.876E-234
9.876E-234
9.876E-234
1.234E-198
1.234E-198
3.21E-198
4.567E-198
5.432E-198
5.432E-198
5.432E-198
5.432E-198
6.789E-198
7.654E-198
8.901E-198
8.901E-198
8.901E-198
8.901E-198
9.876E-198
2.345E-189
2.345E-189
3.21E-189
3.21E-189
5.432E-189
6.789E-189
8.901E-189
1.234E-167
1.234E-167
1.234E-167
2.345E-167
2.345E-167
3.21E-167
3.21E-167
4.567E-167
5.432E-167
6.789E-167
7.654E-167
7.654E-167
7.654E-167
7.654E-167
8.901E-167
9.876E-167
9.876E-167
2.345E-156
2.345E-156
7.654E-156
2.345E-145
2.345E-145
3.21E-145
4.567E-145
5.432E-145
6.789E-145
6.789E-145
6.789E-145
6.789E-145
7.654E-145
8.901E-145
9.876E-145
3.21E-123
4.567E-123
4.567E-123
6.789E-123
8.901E-123
4.567E-89
5.432E-89
5.432E-89
8.901E-89
9.876E-89
3.21E-78
3.21E-78
5.432E-78
6.789E-78
7.654E-78
3.21E-56
4.567E-56
9.876E-56
9.876E-56
7.123E-45
3.21E45
1.234E56
4.567E56
8.901E56
8.901E56
9.876E56
1.234E78
2.345E78
6.789E78
6.789E78
7.654E78
3.456E89
2.345E123
2.345E123
6.789E123
7.654E123
1.234E145
2.345E145
3.21E145
4.567E145
4.567E145
6.789E145
7.654E145
7.654E145
7.654E145
8.901E145
1.234E156
2.345E156
3.21E156
3.21E156
4.567E156
5.432E156
6.789E156
7.654E156
8.901E156
8.901E156
9.876E156
9.876E156
3.456E167
6.789E178
1.234E189
1.234E189
1.234E189
2.345E189
2.345E189
2.345E189
2.345E189
3.21E189
4.567E189
4.567E189
5.432E189
5.432E189
5.432E189
5.432E189
6.789E189
7.654E189
7.654E189
8.901E189
8.901E189
8.901E189
9.876E189
9.876E189
9.876E189
9.876E189
9.876E189
1.234E234
1.234E234
2.345E234
2.345E234
3.21E234
3.21E234
4.567E234
4.567E234
4.567E234
4.567E234
5.432E234
5.432E234
5.432E234
5.432E234
5.432E234
6.789E234
6.789E234
6.789E234
6.789E234
7.654E234
7.654E234
7.654E234
8.901E234
8.901E234
9.876E234
1.234E275
1.234E275
1.7976931348623157E308
